266
273
258
338
284
292
312
257
269
296
260
274
331
293
359
371
307
264
289
272
397
273
289
312
271
299
300
290
339
308
297
282
270
272
341
298
268
310
271
370
279
278
280
249
299
270
252
259
316
257
252
279
302
286
253
306
280
282
320
291
283
307
405
291
265
356
398
306
253
252
293
470
385
260
260
281
260
270
270
289
247
321
299
326
395
395
318
256
265
292
268
326
263
338
351
262
288
450
360
382
267
345
394
355
339
413
431
516
535
452
490
413
284
353
250
292
336
331
288
335
261
283
271
257
249
297
258
249
258
249
270
272
299
298
253
265
275
282
267
281
257
256
279
300
308
272
266
257
289
287
277
285
293
300
323
306
276
314
278
243
271
265
312
324
265
274
274
275
272
290
266
256
278
290
256
274
272
271
313
257
324
253
262
275
299
419
342
540
388
277
298
261
263
262
265
248
275
258
261
260
271
362
283
346
263
271
272
278
278
367
395
351
320
262
270
252
262
290
270
277
267
257
265
259
254
277
280
263
294
252
257
250
250
273
267
532
351
252
283
254
262
269
246
249
274
248
284
255
322
296
294
306
264
272
282
248
278
279
279
278
287
283
326
261
255
253
297
317
280
303
268
265
600
400
252
282
264
325
262
261
254
301
272
274
308
382
309
319
283
281
289
272
244
270
267
270
314
310
270
265
267
314
273
250
278
278
247
272
260
259
299
273
264
253
268
273
279
280
256
306
264
275
294
317
251
247
262
248
257
255
260
288
259
254
291
264
412
289
253
262
270
276
271
284
275
244
261
251
255
279
364
270
322
255
256
267
272
282
287
267
264
260
250
267
261
407
296
296
271
263
243
261
273
263
268
344
337
317
318
322
337
298
259
256
274
320
301
316
262
271
270
252
245
307
260
251
253
240
265
272
250
286
265
285
262
260
253
260
261
261
288
280
267
283
266
273
241
299
262
296
315
245
275
287
269
270
264
280
284
311
280
280
272
258
252
283
242
248
271
269
263
250
270
272
262
258
260
249
277
270
244
269
268
293
277
267
261
264
267
270
272
261
266
271
250
263
251
290
256
247
239
249
268
247
252
256
267
272
255
250
241
250
263
253
275
259
247
271
275
245
253
312
248
257
240
262
260
255
248
268
315
244
292
262
263
249
286
254
246
253
265
243
295
266
258
316
251
266
291
273
243
269
259
298
252
263
257
283
268
244
277
301
261
262
259
269
274
266
276
286
316
296
302
295
310
311
294
320
325
298
320
308
309
325
301
326
297
315
294
298
321
308
299
310
336
304
318
318
316
309
328
306
309
320
303
315
317
326
330
330
312
329
329
301
336
307
326
316
327
330
316
360
307
301
315
331
60
307
301
315
331