22.3
47.9
27.9
39.1
28.1
35.1
24.2
39.9
39.9
40.9
38.2
43.0
41.4
36.1
35.1
37.8
33.8
33.6
31.4
31.0
30.1
34.3
35.5
43.0
35.4
37.6
31.0
38.9
29.6
36.1
28.0
26.0
26.1
30.0
33.2
34.6
39.9
33.9
31.2
29.3
29.0
28.9
41.8
28.5
34.3
29.5
34.0
26.0
35.1
40.0
33.5
39.6
30.3
31.9
29.1
26.0
26.9
26.1
42.8
43.4
34.6
33.1
38.0
30.0
37.0
28.9
35.0
26.2
33.8
32.2
22.3
32.1
34.7
33.0
32.0
38.6
30.1
28.6
36.0
27.4
28.4
26.9
33.8
24.5
23.5
32.8
33.0
36.0
33.9
38.0
30.3
28.0
26.8
25.7
26.3
34.8
32.1
23.9
33.9
33.0
32.7
31.1
30.1
31.9
45.2
37.3
27.0
26.0
24.9
28.9
32.8
40.9
31.8
40.0
37.1
35.8
30.2
26.8
35.7
31.9
33.0
33.0
40.8
32.0
28.8
28.1
27.9
34.2
27.0
24.9
40.9
30.8
32.4
39.9
19.9
47.9
47.9
31.2
36.2
34.1
24.9
33.3
43.0
33.0
33.8
29.9
32.4
30.9
37.0
27.3
26.4
26.3
25.9
24.2
22.9
39.9
53.7
37.3
37.0
35.7
43.1
35.0
35.7
32.0
33.3
43.3
47.2
34.0
32.7
49.9
44.2
111
31.0
30.2
30.9
36.2
27.1
26.9
25.9
25.2
34.3
32.0
32.9
43.1
30.9
29.9
35.9
36.3
36.0
26.9
26.0
27.0
31.9
34.2
35.0
32.8
31.1
37.9
29.9
27.2
28.0
27.4
27.0
26.7
25.8
31.0
24.9
33.9
40.9
30.9
30.9
38.9
29.0
28.2
27.0
25.0
26.8
32.9
26.1
25.9
23.3
33.6
32.0
45.9
39.2
38.2
31.0
40.1
27.0
26.7
26.0
30.7
32.9
41.1
38.9
31.0
30.0
36.1
28.0
35.2
25.8
25.2
26.1
34.0
33.0
32.9
39.1
29.0
27.8
35.8
26.0
41.1
33.5
23.7
34.8
32.3
31.1
36.9
32.1
28.8
37.1
29.1
36.1
25.1
25.9
35.0
32.1
31.3
47.3
48.7
31.0
31.2
37.0
36.0
34.1
34.0
26.1
33.0
34.0
42.9
38.9
44.9
39.3
29.4
28.2
26.7
31.9
25.8
31.0
34.2
40.7
33.6
38.6
32.2
35.8
46.9
39.4
38.6
36.8
39.1
31.1
50.3
30.8
39.7
29.1
28.8
27.8
25.8
32.8
24.8
32.3
42.1
32.5
33.7
32.2
41.2
31.3
36.7
42.9
27.8
26.8
26.6
33.1
24.1
40.9
31.8
40.7
37.5
39.2
31.1
28.9
29.8
25.8
24.7
24.9
34.9
39.0
33.8
30.9
28.5
27.7
29.3
36.8
34.3
35.6
26.9
39.6
41.6
34.4
40.7
32.7
30.8
29.8
29.7
31.1
28.0
25.1
32.7
34.9
40.9
32.8
30.6
30.0
34.7
27.7
25.4
26.7
35.5
23.4
23.0
34.9
41.6
39.4
41.8
37.9
30.9
35.9
34.9
24.4
25.5
32.9
34.9
41.5
39.9
40.6
29.9
48.2
29.7
27.6
36.2
34.0
24.9
32.5
142
33.2
33.9
30.6
29.5
37.5
36.6
30.0
27.7
25.4
25.8
25.2
33.2
39.6
38.5
34.5
32.0
30.5
28.8
37.4
28.6
31.1
41.1
35.4
33.0
25.5
35.1
31.8
34.0
31.6
30.8
38.7
37.7
28.8
37.0
25.8
26.9
36.0
32.1
34.9
37.9
37.2
35.3
35.0
33.4
41.6
36.9
35.8
31.2
30.8
29.8
45.0
42.5
44.2
42.9
37.1
30.0
35.3
27.8
39.3
27.3
25.7
34.0
23.9
33.6
34.2
31.7
31.4
32.9
31.6
31.3
39.9
28.6
30.3
36.7
35.5
25.9
26.8
33.8
38.7
33.7
33.2
29.9
33.3
38.5
28.4
36.2
41.9
32.8
25.5
47.4
35.8
32.9
35.5
32.1
31.9
29.0
28.4
28.0
26.8
26.9
33.9
33.0
33.8
31.1
38.0
29.9
26.8
38.9
24.4
25.4
25.8
42.4
32.1
39.9
30.8
34.4
29.2
38.8
35.9
35.9
31.7
34.2
26.4
32.8
33.9
42.7
31.8
39.8
36.8
35.9
35.7
26.0
43.0
34.1
32.2
43.9
32.9
39.6
29.3
38.8
28.3
27.8
26.8
32.3
24.4
42.8
33.8
40.8
39.8
38.4
41.0
36.8
27.0
25.7
32.8
25.4
41.2
42.8
44.4
32.4
38.5
32.8
38.9
28.0
37.1
36.1
25.1
25.3
25.0
26.2
34.2
32.1
32.1
31.7
38.1
29.5
28.1
48.0
34.0
36.1
26.9
40.4
33.4
39.6
32.3
31.3
30.1
37.0
29.2
31.0
33.4
49.1
43.7
44.3
44.0
50.2
42.1
44.1
64.0
70.5
63.4
43.8
44.9
45.1
25.9
24.1
24.1
