161
160
167
170
158
168
186
165
179
165
166
171
166
166
151
161
151
189
175
175
178
182
170
181
175
171
170
178
170
178
171
186
221
163
156
192
157
167
167
185
158
178
163
159
152
160
161
169
160
188
159
198
183
158
158
176
161
163
155
172
172
165
170
187
170
167
174
183
175
165
165
172
163
171
171
163
163
168
168
164
167
166
158
174
164
163
174
179
194
174
187
161
181
168
177
176
174
168
182
173
165
165
205
161
169
179
172
167
155
173
158
222
174
163
173
170
174
161
156
161
150
156
171
178
171
176
168
167
161
165
184
156
190
171
173
156
166
155
166
180
172
157
170
171
180
168
169
169
168
174
166
156
157
167
155
174
158
154
164
162
152
164
158
173
168
187
167
167
189
170
200
173
198
155
165
173
174
164
164
170
171
176
221
167
175
168
169
162
167
167
167
170
166
188
175
166
175
175
157
158
164
153
153
150
158
166
157
173
158
169
172
156
167
169
188
169
158
174
158
155
186
162
153
163
171
175
174
179
155
169
168
160
148
159
150
150
147
158
171
151
168
189
174
157
173
161
181
171
162
154
173
170
189
161
162
160
168
169
168
185
183
167
169
168
166
178
174
166
183
183
164
172
154
178
177
168
176
152
177
160
176
158
174
174
157
170
196
173
172
156
164
156
158
184
171
168
168
168
170
157
201
327
188
197
180
171
186
220
201
194
179
203
215
232
407
207
178
198
195
197
178
169
200
167
188
209
199
200
182
190
191
169
192
187
177
194
191
182
194
191
198
179
185
191
192
192
183
192
190
192
184
191
180
175
180
200
190
198
190
188
183
180
179
187
181
179
185
194
185
187
197
189
195
178
183
198
196
207
188
205
199
183
199
209
183
187
195
188
205
185
190
210
203
188
203
190
201
191
171
196
206
185
188
190
188
196
178
212
196
173
176
186
185
166
185
165
197
188
182
202
189
181
198
197
186
180
171
167
178
171
168
195
179
186
186
179
181
211
201
182
193
201
210
199
192
200
191
204
196
196
207
190
190
177
196
195
187
195
184
195
187
194
195
194
193
188
204
177
193
194
176
193
195
200
185
193
193
181
208
187
173
195
261
205
189
178
185
183
185
192
182
201
176
206
171
188
172
204
182
197
168
196
184
198
215
183
172
182
190
194
184
171
172
182
196
179
190
197
199
179
180
201
191
178
180
184
232
188
205
169
156
168
153
169
166
176
159
168
166
177
158
174
155
160
155
157
148
163
148
156
162
155
150
155
144
161
151
160
150
149
165
155
153
164
146
163
178
162
160
163
151
177
149
164
160
147
152
175
192
173
164
166
165
186
156
165
155
166
181
156
148
172
161
156
145
177
306
152
163
162
155