52.0
67.1
78.1
56.2
67.8
55.3
88.6
54.0
88.1
52.4
71.1
58.4
71.1
65.5
62.1
57.2
67.7
47.1
92.7
46.1
75.6
84.3
44.8
78.0
73.1
49.1
76.4
70.2
85.0
72.2
93.7
91.2
78.0
82.1
69.2
54.4
86.2
46.3
52.3
51.3
62.6
49.8
76.7
55.9
49.2
45.2
82.2
57.4
57.7
63.7
69.0
55.6
88.3
53.0
89.5
43.0
90.6
49.9
69.8
59.0
56.5
61.8
88.2
53.6
48.0
50.0
53.1
88.3
78.5
48.2
59.4
84.3
70.2
72.6
48.9
57.5
53.6
110
178
71.8
68.6
75.0
70.3
64.5
70.7
48.8
64.7
47.5
76.5
48.4
72.5
53.8
72.5
52.0
80.6
57.9
63.0
81.2
48.4
55.9
76.3
58.8
74.9
72.8
79.9
63.9
45.1
86.3
54.6
61.1
71.7
59.3
84.1
58.2
78.2
49.5
71.7
62.4
47.7
47.1
67.2
45.3
73.7
61.0
71.8
43.5
69.9
86.3
48.5
41.4
61.3
41.5
60.5
47.3
59.6
39.7
84.7
45.1
74.6
56.2
88.4
57.4
55.4
63.2
71.9
61.7
73.1
52.0
60.5
58.4
51.8
71.6
70.3
51.0
102
56.4
76.4
47.6
59.4
54.4
75.4
54.9
66.8
45.6
44.7
61.6
73.5
52.7
74.7
64.7
68.6
81.0
64.6
58.5
68.7
58.1
56.9
56.8
58.6
69.9
55.3
100
56.7
72.1
88.8
64.6
88.2
54.6
73.6
52.3
80.5
58.2
143
70.3
78.0
57.0
87.8
70.7
86.7
55.3
78.0
61.7
53.1
60.0
132
60.0
71.1
52.9
76.7
48.2
40.0
53.0
70.3
47.1
150
133
78.9
47.5
81.9
55.6
81.6
71.2
88.9
60.7
53.0
89.6
57.5
75.3
58.3
50.7
57.3
49.3
68.8
55.0
54.5
134
171
52.1
71.2
51.8
72.1
59.5
69.7
49.9
59.4
52.8
204
170
49.4
63.8
72.9
78.0
86.7
78.4
62.9
70.0
217
393
193
63.0
70.0
53.6
62.0
50.0
70.3
47.6
294
291
114
51.3
63.1
61.6
55.1
60.0
70.8
57.9
63.4
132
76.8
82.5
74.8
61.2
52.9
45.8
72.5
44.8
57.9
118
50.1
50.1
69.1
38.8
66.3
80.3
101
64.1
73.0
51.1
70.8
60.6
64.5
60.2
74.3
65.1
67.1
87.8
72.7
57.1
81.0
70.7
62.6
53.0
78.2
68.8
59.8
67.0
47.9
86.6
83.7
56.0
64.5
71.6
71.6
70.1
76.9
71.3
67.7
41.4
67.1
55.6
81.9
58.1
64.2
67.0
73.0
79.1
79.3
54.5
79.7
50.9
110
46.0
67.8
64.8
83.3
66.2
72.8
62.0
59.3
50.7
135
57.3
58.0
60.2
39.8
71.3
73.8
61.8
61.4
61.0
152
117
72.3
59.2
58.6
107
60.6
62.5
55.8
67.1
55.0
144
178
49.0
48.3
72.2
82.5
78.5
61.9
64.0
61.1
146
61.5
70.0
69.5
48.3
90.7
60.9
59.9
81.8
73.2
62.7
79.5
72.4
57.8
111
71.9
73.0
73.0
70.6
52.8
72.3
96.2
70.6
55.8
60.9
64.0
66.0
74.0
65.0
70.4
47.4
107
97.9
64.7
60.8
59.4
63.9
61.3
71.6
56.6
58.8
87.2
41.2
55.1
88.1
42.6
68.1
81.5
86.5
65.2
57.1
42.2
106
40.8
45.9
52.5
60.9
42.4
79.2
63.7
63.8
59.0
69.6
77.2
75.0
59.0
67.4
67.6
58.4
45.9
54.7
53.8
48.2
63.3
123
51.6
80.1
64.0
63.5
69.0
95.5
58.7
41.1
64.3
63.3
315
109
85.3
48.7
68.3
78.4
57.6
56.4
57.5
48.2
158
43.9
55.6
43.9
53.8
71.3
59.5
85.6
47.6
54.9
53.5
101
47.5
39.5
65.5
59.8
55.2
82.9
54.1
74.6
57.1
243
40.2
72.9
56.1
75.6
46.9
59.2
38.9
52.0
54.1
49.9
52.8
55.0
48.1
63.3
50.2
104
50.0
50.8
44.0
50.3
47.7
59.8
46.8
63.7
60.4
60.0
70.6
60.5
50.2
42.2
124
42.7
54.4
77.7
49.0
73.7
50.0
58.1
66.3
72.5
102
49.8
52.0
70.3
70.9
70.7
43.2
76.0
51.6
48.6
48.0
58.0
46.8
54.4
53.8
44.7
59.2
70.2
49.9
66.8
58.7
66.7
178
41.9
44.4
50.9
43.0
48.5
70.0
65.6
54.5
74.4
46.0
60.7
55.8
63.4
70.3
61.3
86.4
73.9
78.0
57.3
40.7
56.8
49.3
37.8
58.1
47.3
62.5
88.5
44.6
70.1
47.0
71.0
57.4
65.3
47.3
62.1
50.1
94.4
48.2
72.0
70.1
